dx =   1.5625000000000001e-03
reaction_length =   1.4862501680218385e+01
k =   9.5199472090091035e+01
d_cj =   6.8094746296699951e+00
d_znd =   6.8094746296699951e+00
