dx =   2.5000000000000001e-02
reaction_length =   9.9656883724248253e+00
k_1 =   6.3525307949177055e+01
k_2 =   6.3525307949177055e+01
d_cj =   6.1335974319188811e+00
d_znd =   6.1335974319188811e+00
