dx =   2.5000000000000001e-02
reaction_length =   2.1329648004183447e+01
k_1 =   2.5016361500418429e+02
k_2 =   2.5016361500418429e+02
d_cj =   4.9928499701259508e+00
d_znd =   4.9928499701259508e+00
