dx =   2.5000000000000001e-02
reaction_length =   5.0150402371013501e+00
k =   1.3010301454865660e+02
d_cj =   3.8623484871725182e+00
d_znd =   3.8623484871725182e+00
