dx =   5.0000000000000003e-02
reaction_length =   1.1065864779135769e+01
k =   1.8263131558129956e+02
d_cj =   6.8094746296699951e+00
d_znd =   6.8094746296699951e+00
