dx =   2.5000000000000001e-02
reaction_length =   1.0712065359046507e+02
k_1 =   3.8176809739327155e+02
k_2 =   3.8176809739327155e+02
lamda_1_star =   7.3640286188427329e-01
lamda_2_star =   3.8494001106330433e-01
d_cj =   3.1839338009582465e+00
d_znd =   3.1839338009582465e+00
