dx =   5.0000000000000003e-02
reaction_length =   3.6888074617203785e+00
k =   2.4113508479415723e+03
d_cj =   6.8094746296699951e+00
d_znd =   6.8094746296699951e+00
