dx =   2.5000000000000001e-02
reaction_length =   9.4693489902154312e+01
k_1 =   2.8462659984779656e+01
k_2 =   2.8462659984779656e+01
lamda_1_star =   7.3640286188427329e-01
lamda_2_star =   3.8494001106330433e-01
d_cj =   4.6939695445936973e+00
d_znd =   4.6939695445936973e+00
