dx =   1.5625000000000001e-03
reaction_length =   7.2314581147287740e+00
k_1 =   1.2626492132538306e+02
k_2 =   1.2626492132538306e+02
d_cj =   5.4951805369700590e+00
d_znd =   5.4951805369700590e+00
