dx =   6.2500000000000003e-03
reaction_length =   1.9959382331497448e+00
k =   5.3017713456498273e+05
d_cj =   3.3271485888777095e+00
d_znd =   3.3271485888777095e+00
