dx =   5.0000000000000003e-02
reaction_length =   1.9959382331497448e+00
k =   1.5934879985141222e+05
d_cj =   3.3271485888777095e+00
d_znd =   1.0000000000000000e+00
