dx =   1.5625000000000001e-03
reaction_length =   6.5079909516634675e+00
k_1 =   2.5016361500418429e+02
k_2 =   2.5016361500418429e+02
d_cj =   4.9928499701259508e+00
d_znd =   4.9928499701259508e+00
