dx =   5.0000000000000003e-02
reaction_length =   4.1029279551458472e+01
k =   1.3241220539081637e+00
d_cj =   9.5070535913403464e+00
d_znd =   1.0000000000000000e+00
