dx =   5.0000000000000003e-02
reaction_length =   1.7276708294351124e+01
k =   3.5983211421989700e+10
d_cj =   1.6606791047636413e+00
d_znd =   1.6606791047636413e+00
