dx =   2.5000000000000001e-02
reaction_length =   1.0932036675358171e+01
k_1 =   1.2626492132538306e+02
k_2 =   1.2626492132538306e+02
d_cj =   5.4951805369700590e+00
d_znd =   5.4951805369700590e+00
