dx =   3.1250000000000002e-03
reaction_length =   1.2686548206082781e+01
k_1 =   3.2775442475601062e+03
k_2 =   3.2775442475601062e+03
lamda_1_star =   7.3640286188427329e-01
lamda_2_star =   3.8494001106330433e-01
d_cj =   2.4705917121682015e+00
d_znd =   2.4705917121682015e+00
