dx =   2.5000000000000001e-02
reaction_length =   1.0550530749683912e+02
k_1 =   2.7046024364468371e+02
k_2 =   2.7046024364468371e+02
lamda_1_star =   7.3640286188427329e-01
lamda_2_star =   3.8494001106330433e-01
d_cj =   3.3271485888777095e+00
d_znd =   3.3271485888777095e+00
