dx =   1.5625000000000001e-03
reaction_length =   9.4641608545448204e+00
k_1 =   6.3525307949177055e+01
k_2 =   6.3525307949177055e+01
d_cj =   6.1335974319188811e+00
d_znd =   6.1335974319188811e+00
