dx =   1.5625000000000001e-03
reaction_length =   1.1205189354925770e+01
k_1 =   3.7764864418570845e+01
k_2 =   3.7764864418570845e+01
d_cj =   6.7445046918517573e+00
d_znd =   6.7445046918517573e+00
