dx =   5.0000000000000003e-02
reaction_length =   1.6062400764850555e+01
k =   8.0228518542021533e+01
d_cj =   6.8094746296699951e+00
d_znd =   6.8094746296699951e+00
