dx =   1.2500000000000001e-02
reaction_length =   2.1500277817658347e+01
k =   4.2148348884936219e+01
d_cj =   6.8094746296699951e+00
d_znd =   6.8094746296699951e+00
