dx =   5.0000000000000003e-02
reaction_length =   7.5988795975513597e+00
k =   4.2391755339702428e+02
d_cj =   6.8094746296699951e+00
d_znd =   6.8094746296699951e+00
