dx =   6.2500000000000003e-03
reaction_length =   2.2673039786921890e+01
k =   3.7469379972945049e+01
d_cj =   6.8094746296699951e+00
d_znd =   6.8094746296699951e+00
