dx =   5.0000000000000003e-02
reaction_length =   1.6062400764850555e+01
k =   1.1781895506659611e+01
d_cj =   6.8094746296699951e+00
d_znd =   1.0000000000000000e+00
