dx =   5.0000000000000003e-02
reaction_length =   3.3689451301249953e+01
k =   1.3437488273084210e+11
d_cj =   1.4762147932614997e+00
d_znd =   1.0000000000000000e+00
