dx =   2.5000000000000001e-02
reaction_length =   1.1415307681128607e+02
k_1 =   3.2775442475601062e+03
k_2 =   3.2775442475601062e+03
lamda_1_star =   7.3640286188427329e-01
lamda_2_star =   3.8494001106330433e-01
d_cj =   2.4705917121682015e+00
d_znd =   2.4705917121682015e+00
